   4.7713181e-02   6.2874513e-01   7.7614626e-01   5.5161300e+01  -9.5171560e-01  -2.0728772e-01   2.2642707e-01   1.5367300e+01   3.0325051e-01  -7.4947405e-01   5.8849619e-01   4.4215100e+01   0.0000000e+00   0.0000000e+00   0.0000000e+00   1.0000000e+00
   2.4661581e-01   7.2061557e-01   6.4799216e-01   5.1123600e+01  -9.5239243e-01   3.0388714e-01   2.4520706e-02  -1.1434700e+00  -1.7924648e-01  -6.2319002e-01   7.6125219e-01   5.6654400e+01   0.0000000e+00   0.0000000e+00   0.0000000e+00   1.0000000e+00
  -2.5495662e-01   8.4966454e-01   4.6159213e-01   3.9083000e+01  -4.8901789e-01  -5.2512070e-01   6.9649820e-01   4.8813000e+01   8.3418141e-01  -4.8149988e-02   5.4938416e-01   4.1175200e+01   0.0000000e+00   0.0000000e+00   0.0000000e+00   1.0000000e+00
  -3.9561057e-01   7.3452551e-01   5.5132980e-01   4.0935200e+01   1.1006244e-01  -5.5806047e-01   8.2246871e-01   5.9290000e+01   9.1179962e-01   3.8605801e-01   1.3993095e-01   8.3562200e+00   0.0000000e+00   0.0000000e+00   0.0000000e+00   1.0000000e+00
   1.7465284e-01   8.0951604e-01   5.6051777e-01   4.8788700e+01  -9.8458324e-01   1.3803232e-01   1.0743796e-01   1.6059100e+00   9.6031805e-03  -5.7064075e-01   8.2114366e-01   5.9623200e+01   0.0000000e+00   0.0000000e+00   0.0000000e+00   1.0000000e+00
   2.3246747e-01   7.5474714e-01   6.1344571e-01   4.6645000e+01  -9.6240305e-01   2.6961481e-01   3.2988084e-02  -9.0345200e-01  -1.4049639e-01  -5.9805068e-01   7.8904762e-01   6.0094900e+01   0.0000000e+00   0.0000000e+00   0.0000000e+00   1.0000000e+00
  -3.1229403e-01  -5.0617229e-02   9.4863604e-01   6.9897200e+01   8.7352736e-01  -4.0779348e-01   2.6580901e-01   1.9293700e+01   3.7339308e-01   9.1167010e-01   1.7156701e-01   1.1461000e+01   0.0000000e+00   0.0000000e+00   0.0000000e+00   1.0000000e+00
  -3.9163339e-01   5.2939273e-01   7.5257334e-01   5.4616900e+01   7.6467952e-02  -7.9635114e-01   5.9998127e-01   4.6744100e+01   9.1693835e-01   2.9252044e-01   2.7139612e-01   2.1153100e+01   0.0000000e+00   0.0000000e+00   0.0000000e+00   1.0000000e+00
  -2.1921653e-01   8.9611300e-01   3.8590880e-01   2.6020900e+01  -5.7751495e-01  -4.3797345e-01   6.8895264e-01   5.4087100e+01   7.8639722e-01  -7.1838293e-02   6.1352968e-01   4.8023100e+01   0.0000000e+00   0.0000000e+00   0.0000000e+00   1.0000000e+00
  -1.9950962e-01   8.9437297e-01   4.0036595e-01   2.9696200e+01  -6.2122516e-01  -4.3142243e-01   6.5418192e-01   4.5857600e+01   7.5780948e-01  -1.1820182e-01   6.4167992e-01   4.9564000e+01   0.0000000e+00   0.0000000e+00   0.0000000e+00   1.0000000e+00
